<animation>
  <sequence name="idle">
    <flags> ASF_LOOP ASF_MOVE </flags>
    <first_frame> 0 </first_frame>
    <last_frame> 20 </last_frame>
    <frame_rate> 30 </frame_rate>
    <in_time> 0.3 </in_time>
    <out_time> 0.3 </out_time>   
  </sequence>
  <frame count="21">
    <bone name="SceneRoot" parent="NULL">
      1.000000 0.000000 0.000000 0.000000 0.000000 1.000000 0.000000 0.000000 0.000000 0.000000 1.000000 0.000000 0.000000 0.000000 0.000000 1.000000
      1.000000 0.000000 0.000000 0.000000 0.000000 1.000000 0.000000 0.000000 0.000000 0.000000 1.000000 0.000000 0.000000 0.000000 0.000000 1.000000
      1.000000 0.000000 0.000000 0.000000 0.000000 1.000000 0.000000 0.000000 0.000000 0.000000 1.000000 0.000000 0.000000 0.000000 0.000000 1.000000
      1.000000 0.000000 0.000000 0.000000 0.000000 1.000000 0.000000 0.000000 0.000000 0.000000 1.000000 0.000000 0.000000 0.000000 0.000000 1.000000
      1.000000 0.000000 0.000000 0.000000 0.000000 1.000000 0.000000 0.000000 0.000000 0.000000 1.000000 0.000000 0.000000 0.000000 0.000000 1.000000
      1.000000 0.000000 0.000000 0.000000 0.000000 1.000000 0.000000 0.000000 0.000000 0.000000 1.000000 0.000000 0.000000 0.000000 0.000000 1.000000
      1.000000 0.000000 0.000000 0.000000 0.000000 1.000000 0.000000 0.000000 0.000000 0.000000 1.000000 0.000000 0.000000 0.000000 0.000000 1.000000
      1.000000 0.000000 0.000000 0.000000 0.000000 1.000000 0.000000 0.000000 0.000000 0.000000 1.000000 0.000000 0.000000 0.000000 0.000000 1.000000
      1.000000 0.000000 0.000000 0.000000 0.000000 1.000000 0.000000 0.000000 0.000000 0.000000 1.000000 0.000000 0.000000 0.000000 0.000000 1.000000
      1.000000 0.000000 0.000000 0.000000 0.000000 1.000000 0.000000 0.000000 0.000000 0.000000 1.000000 0.000000 0.000000 0.000000 0.000000 1.000000
      1.000000 0.000000 0.000000 0.000000 0.000000 1.000000 0.000000 0.000000 0.000000 0.000000 1.000000 0.000000 0.000000 0.000000 0.000000 1.000000
      1.000000 0.000000 0.000000 0.000000 0.000000 1.000000 0.000000 0.000000 0.000000 0.000000 1.000000 0.000000 0.000000 0.000000 0.000000 1.000000
      1.000000 0.000000 0.000000 0.000000 0.000000 1.000000 0.000000 0.000000 0.000000 0.000000 1.000000 0.000000 0.000000 0.000000 0.000000 1.000000
      1.000000 0.000000 0.000000 0.000000 0.000000 1.000000 0.000000 0.000000 0.000000 0.000000 1.000000 0.000000 0.000000 0.000000 0.000000 1.000000
      1.000000 0.000000 0.000000 0.000000 0.000000 1.000000 0.000000 0.000000 0.000000 0.000000 1.000000 0.000000 0.000000 0.000000 0.000000 1.000000
      1.000000 0.000000 0.000000 0.000000 0.000000 1.000000 0.000000 0.000000 0.000000 0.000000 1.000000 0.000000 0.000000 0.000000 0.000000 1.000000
      1.000000 0.000000 0.000000 0.000000 0.000000 1.000000 0.000000 0.000000 0.000000 0.000000 1.000000 0.000000 0.000000 0.000000 0.000000 1.000000
      1.000000 0.000000 0.000000 0.000000 0.000000 1.000000 0.000000 0.000000 0.000000 0.000000 1.000000 0.000000 0.000000 0.000000 0.000000 1.000000
      1.000000 0.000000 0.000000 0.000000 0.000000 1.000000 0.000000 0.000000 0.000000 0.000000 1.000000 0.000000 0.000000 0.000000 0.000000 1.000000
      1.000000 0.000000 0.000000 0.000000 0.000000 1.000000 0.000000 0.000000 0.000000 0.000000 1.000000 0.000000 0.000000 0.000000 0.000000 1.000000
      1.000000 0.000000 0.000000 0.000000 0.000000 1.000000 0.000000 0.000000 0.000000 0.000000 1.000000 0.000000 0.000000 0.000000 0.000000 1.000000
    </bone>
    <bone name="Bip01" parent="SceneRoot">
      0.932190 0.000001 -0.361969 0.000000 -0.000001 1.000000 0.000000 0.000000 0.361969 0.000000 0.932190 0.000000 -0.000000 0.054782 0.761665 1.000000
      0.932190 0.000001 -0.361969 0.000000 -0.000001 1.000000 0.000000 0.000000 0.361969 0.000000 0.932190 0.000000 -0.006194 0.060496 0.736891 1.000000
      0.932190 0.000001 -0.361969 0.000000 -0.000001 1.000000 0.000000 0.000000 0.361969 0.000000 0.932190 0.000000 -0.012387 0.066211 0.712116 1.000000
      0.932190 0.000001 -0.361969 0.000000 -0.000001 1.000000 0.000000 0.000000 0.361969 0.000000 0.932190 0.000000 -0.018423 0.070978 0.703094 1.000000
      0.932190 0.000001 -0.361969 0.000000 -0.000001 1.000000 0.000000 0.000000 0.361969 0.000000 0.932190 0.000000 -0.025439 0.074173 0.735755 1.000000
      0.932190 0.000001 -0.361969 0.000000 -0.000001 1.000000 0.000000 0.000000 0.361969 0.000000 0.932190 0.000000 -0.029523 0.074669 0.782192 1.000000
      0.932190 0.000001 -0.361969 0.000000 -0.000001 1.000000 0.000000 0.000000 0.361969 0.000000 0.932190 0.000000 -0.025543 0.070623 0.814900 1.000000
      0.932190 0.000001 -0.361969 0.000000 -0.000001 1.000000 0.000000 0.000000 0.361969 0.000000 0.932190 0.000000 -0.018590 0.065299 0.829727 1.000000
      0.932190 0.000001 -0.361969 0.000000 -0.000001 1.000000 0.000000 0.000000 0.361969 0.000000 0.932190 0.000000 -0.011157 0.061630 0.814947 1.000000
      0.932190 0.000001 -0.361969 0.000000 -0.000001 1.000000 0.000000 0.000000 0.361969 0.000000 0.932190 0.000000 -0.003528 0.058277 0.787779 1.000000
      0.932190 0.000001 -0.361969 0.000000 -0.000001 1.000000 0.000000 0.000000 0.361969 0.000000 0.932190 0.000000 -0.000000 0.054782 0.761665 1.000000
      0.932190 0.000001 -0.361969 0.000000 -0.000001 1.000000 0.000000 0.000000 0.361969 0.000000 0.932190 0.000000 -0.003431 0.051067 0.736129 1.000000
      0.932190 0.000001 -0.361969 0.000000 -0.000001 1.000000 0.000000 0.000000 0.361969 0.000000 0.932190 0.000000 -0.010962 0.047210 0.711646 1.000000
      0.932190 0.000001 -0.361969 0.000000 -0.000001 1.000000 0.000000 0.000000 0.361969 0.000000 0.932190 0.000000 -0.018311 0.042991 0.703094 1.000000
      0.932190 0.000001 -0.361969 0.000000 -0.000001 1.000000 0.000000 0.000000 0.361969 0.000000 0.932190 0.000000 -0.025302 0.036684 0.736497 1.000000
      0.932190 0.000001 -0.361969 0.000000 -0.000001 1.000000 0.000000 0.000000 0.361969 0.000000 0.932190 0.000000 -0.029162 0.032413 0.783524 1.000000
      0.932190 0.000001 -0.361969 0.000000 -0.000001 1.000000 0.000000 0.000000 0.361969 0.000000 0.932190 0.000000 -0.024226 0.035678 0.815550 1.000000
      0.932190 0.000001 -0.361969 0.000000 -0.000001 1.000000 0.000000 0.000000 0.361969 0.000000 0.932190 0.000000 -0.016589 0.041381 0.829580 1.000000
      0.932190 0.000001 -0.361969 0.000000 -0.000001 1.000000 0.000000 0.000000 0.361969 0.000000 0.932190 0.000000 -0.010925 0.045851 0.815061 1.000000
      0.932190 0.000001 -0.361969 0.000000 -0.000001 1.000000 0.000000 0.000000 0.361969 0.000000 0.932190 0.000000 -0.005462 0.050316 0.788363 1.000000
      0.932190 0.000001 -0.361969 0.000000 -0.000001 1.000000 0.000000 0.000000 0.361969 0.000000 0.932190 0.000000 -0.000000 0.054782 0.761665 1.000000
    </bone>
    <bone name="Bip01 Footsteps" parent="Bip01">
      0.932190 -0.000001 0.361969 0.000000 0.000001 1.000000 0.000000 0.000000 -0.361969 0.000000 0.932190 0.000000 0.260418 -0.000000 -0.670665 1.000000
      0.932190 -0.000001 0.361969 0.000000 0.000001 1.000000 0.000000 0.000000 -0.361969 0.000000 0.932190 0.000000 0.229611 -0.000000 -0.591326 1.000000
      0.932190 -0.000001 0.361969 0.000000 0.000001 1.000000 0.000000 0.000000 -0.361969 0.000000 0.932190 0.000000 0.242483 -0.000000 -0.624475 1.000000
      0.932190 -0.000001 0.361969 0.000000 0.000001 1.000000 0.000000 0.000000 -0.361969 0.000000 0.932190 0.000000 0.253170 -0.000000 -0.651997 1.000000
      0.932190 -0.000001 0.361969 0.000000 0.000001 1.000000 0.000000 0.000000 -0.361969 0.000000 0.932190 0.000000 0.267337 -0.000000 -0.688482 1.000000
      0.932190 -0.000001 0.361969 0.000000 0.000001 1.000000 0.000000 0.000000 -0.361969 0.000000 0.932190 0.000000 0.286520 -0.000000 -0.737885 1.000000
      0.932190 -0.000001 0.361969 0.000000 0.000001 1.000000 0.000000 0.000000 -0.361969 0.000000 0.932190 0.000000 0.281332 -0.000000 -0.724524 1.000000
      0.932190 -0.000001 0.361969 0.000000 0.000001 1.000000 0.000000 0.000000 -0.361969 0.000000 0.932190 0.000000 0.268231 -0.000000 -0.690784 1.000000
      0.932190 -0.000001 0.361969 0.000000 0.000001 1.000000 0.000000 0.000000 -0.361969 0.000000 0.932190 0.000000 0.245717 -0.000000 -0.632804 1.000000
      0.932190 -0.000001 0.361969 0.000000 0.000001 1.000000 0.000000 0.000000 -0.361969 0.000000 0.932190 0.000000 0.217714 -0.000000 -0.560687 1.000000
      0.932190 -0.000001 0.361969 0.000000 0.000001 1.000000 0.000000 0.000000 -0.361969 0.000000 0.932190 0.000000 0.228349 -0.000000 -0.588074 1.000000
      0.932190 -0.000001 0.361969 0.000000 0.000001 1.000000 0.000000 0.000000 -0.361969 0.000000 0.932190 0.000000 0.229335 -0.000000 -0.590616 1.000000
      0.932190 -0.000001 0.361969 0.000000 0.000001 1.000000 0.000000 0.000000 -0.361969 0.000000 0.932190 0.000000 0.240093 -0.000000 -0.618320 1.000000
      0.932190 -0.000001 0.361969 0.000000 0.000001 1.000000 0.000000 0.000000 -0.361969 0.000000 0.932190 0.000000 0.254320 -0.000000 -0.654960 1.000000
      0.932190 -0.000001 0.361969 0.000000 0.000001 1.000000 0.000000 0.000000 -0.361969 0.000000 0.932190 0.000000 0.274274 -0.000000 -0.706347 1.000000
      0.932190 -0.000001 0.361969 0.000000 0.000001 1.000000 0.000000 0.000000 -0.361969 0.000000 0.932190 0.000000 0.287234 -0.000000 -0.739722 1.000000
      0.932190 -0.000001 0.361969 0.000000 0.000001 1.000000 0.000000 0.000000 -0.361969 0.000000 0.932190 0.000000 0.283274 -0.000000 -0.729526 1.000000
      0.932190 -0.000001 0.361969 0.000000 0.000001 1.000000 0.000000 0.000000 -0.361969 0.000000 0.932190 0.000000 0.271543 -0.000000 -0.699315 1.000000
      0.932190 -0.000001 0.361969 0.000000 0.000001 1.000000 0.000000 0.000000 -0.361969 0.000000 0.932190 0.000000 0.246632 -0.000000 -0.635159 1.000000
      0.932190 -0.000001 0.361969 0.000000 0.000001 1.000000 0.000000 0.000000 -0.361969 0.000000 0.932190 0.000000 0.216739 -0.000000 -0.558177 1.000000
      0.932190 -0.000001 0.361969 0.000000 0.000001 1.000000 0.000000 0.000000 -0.361969 0.000000 0.932190 0.000000 0.230088 -0.000000 -0.592553 1.000000
    </bone>
    <bone name="Bip01 Pelvis" parent="Bip01">
      0.052904 -0.210938 0.976067 0.000000 0.969958 0.243272 0.000000 0.000000 -0.237450 0.946744 0.217471 0.000000 0.000000 0.000000 0.000000 1.000000
      0.045815 -0.235512 0.970791 0.000000 0.983462 0.181098 -0.002478 0.000000 -0.175225 0.954849 0.239914 0.000000 0.000000 0.000000 0.000000 1.000000
      0.037042 -0.268348 0.962609 0.000000 0.993199 0.116287 -0.005802 0.000000 -0.110382 0.956277 0.270831 0.000000 0.000000 0.000000 0.000000 1.000000
      0.026289 -0.295873 0.954866 0.000000 0.998578 0.052082 -0.011354 0.000000 -0.046372 0.953806 0.296821 0.000000 0.000000 0.000000 0.000000 1.000000
      0.015189 -0.305048 0.952216 0.000000 0.999793 -0.008292 -0.018604 0.000000 0.013571 0.952301 0.304859 0.000000 0.000000 0.000000 0.000000 1.000000
      0.006923 -0.283136 0.959055 0.000000 0.997761 -0.061850 -0.025463 0.000000 0.066527 0.957083 0.282073 0.000000 0.000000 0.000000 0.000000 1.000000
      0.004739 -0.214494 0.976714 0.000000 0.992924 -0.114885 -0.030048 0.000000 0.118655 0.969945 0.212432 0.000000 0.000000 0.000000 0.000000 1.000000
      0.011072 -0.106603 0.994240 0.000000 0.985180 -0.169036 -0.029095 0.000000 0.171164 0.979828 0.103152 0.000000 0.000000 0.000000 0.000000 1.000000
      0.025244 0.016842 0.999539 0.000000 0.976538 -0.214312 -0.021052 0.000000 0.213859 0.976620 -0.021857 0.000000 0.000000 0.000000 0.000000 1.000000
      0.041913 0.130646 0.990543 0.000000 0.970350 -0.241529 -0.009203 0.000000 0.238042 0.961559 -0.136895 0.000000 0.000000 0.000000 0.000000 1.000000
      0.052904 0.210935 0.976067 0.000000 0.969959 -0.243270 -0.000000 0.000000 0.237448 0.946745 -0.217468 0.000000 0.000000 0.000000 0.000000 1.000000
      0.053586 0.261444 0.963730 0.000000 0.977431 -0.211235 0.002957 0.000000 0.204347 0.941821 -0.266862 0.000000 0.000000 0.000000 0.000000 1.000000
      0.045424 0.297770 0.953556 0.000000 0.988608 -0.150511 -0.000094 0.000000 0.143492 0.942698 -0.301214 0.000000 0.000000 0.000000 0.000000 1.000000
      0.031422 0.315742 0.948325 0.000000 0.997145 -0.075088 -0.008039 0.000000 0.068670 0.945869 -0.317200 0.000000 0.000000 0.000000 0.000000 1.000000
      0.016673 0.311788 0.950006 0.000000 0.999842 0.000585 -0.017739 0.000000 -0.006086 0.950152 -0.311729 0.000000 0.000000 0.000000 0.000000 1.000000
      0.006924 0.283133 0.959056 0.000000 0.997760 0.061853 -0.025463 0.000000 -0.066530 0.957084 -0.282071 0.000000 0.000000 0.000000 0.000000 1.000000
      0.004888 0.221112 0.975236 0.000000 0.993840 0.106908 -0.029220 0.000000 -0.110722 0.969371 -0.219227 0.000000 0.000000 0.000000 0.000000 1.000000
      0.009822 0.126781 0.991882 0.000000 0.988989 0.145248 -0.028358 0.000000 -0.147664 0.981239 -0.123959 0.000000 0.000000 0.000000 0.000000 1.000000
      0.020680 0.013419 0.999696 0.000000 0.983561 0.179136 -0.022751 0.000000 -0.179387 0.983733 -0.009493 0.000000 0.000000 0.000000 0.000000 1.000000
      0.035699 -0.104200 0.993916 0.000000 0.977417 0.210919 -0.012994 0.000000 -0.208282 0.971934 0.109376 0.000000 0.000000 0.000000 0.000000 1.000000
      0.052904 -0.210938 0.976067 0.000000 0.969958 0.243272 0.000000 0.000000 -0.237450 0.946744 0.217471 0.000000 0.000000 0.000000 0.000000 1.000000
    </bone>
    <bone name="Bip01 Spine" parent="Bip01 Pelvis">
      0.972738 0.107411 0.205531 0.000000 0.010443 0.865083 -0.501521 0.000000 -0.231671 0.489995 0.840377 0.000000 0.056805 -0.005786 0.014175 1.000000
      0.967230 0.104028 0.231614 0.000000 -0.004311 0.918810 -0.394676 0.000000 -0.253866 0.380744 0.889149 0.000000 0.056540 -0.006017 0.015112 1.000000
      0.958867 0.099851 0.265713 0.000000 -0.024074 0.961322 -0.274374 0.000000 -0.282832 0.256692 0.924184 0.000000 0.056115 -0.006273 0.016527 1.000000
      0.951072 0.093701 0.294420 0.000000 -0.051678 0.987724 -0.147413 0.000000 -0.304618 0.124985 0.944239 0.000000 0.055728 -0.006632 0.017658 1.000000
      0.948529 0.086235 0.304723 0.000000 -0.083989 0.996256 -0.020499 0.000000 -0.305350 -0.006150 0.952221 0.000000 0.055641 -0.007065 0.017762 1.000000
      0.955595 0.079577 0.283735 0.000000 -0.112330 0.988517 0.101078 0.000000 -0.272433 -0.128462 0.953561 0.000000 0.056093 -0.007453 0.016104 1.000000
      0.973399 0.075512 0.216316 0.000000 -0.124434 0.966987 0.222381 0.000000 -0.192382 -0.243383 0.950660 0.000000 0.057141 -0.007691 0.011710 1.000000
      0.990932 0.077102 0.110044 0.000000 -0.110355 0.934233 0.339163 0.000000 -0.076656 -0.348231 0.934269 0.000000 0.058128 -0.007586 0.004994 1.000000
      0.996246 0.085723 -0.012024 0.000000 -0.072095 0.898587 0.432833 0.000000 0.047908 -0.430341 0.901394 0.000000 0.058350 -0.007061 -0.002582 1.000000
      0.987296 0.097987 -0.125080 0.000000 -0.024543 0.871802 0.489242 0.000000 0.156984 -0.479957 0.863132 0.000000 0.057721 -0.006328 -0.009462 1.000000
      0.972739 0.107411 -0.205529 0.000000 0.010441 0.865087 0.501514 0.000000 0.231668 -0.489988 0.840382 0.000000 0.056805 -0.005786 -0.014175 1.000000
      0.959929 0.110379 -0.257590 0.000000 0.022912 0.885177 0.464689 0.000000 0.279304 -0.451970 0.847179 0.000000 0.056078 -0.005659 -0.016867 1.000000
      0.948927 0.106992 -0.296801 0.000000 0.016373 0.922774 0.384993 0.000000 0.315072 -0.370190 0.873893 0.000000 0.055531 -0.005908 -0.018512 1.000000
      0.942849 0.098285 -0.318397 0.000000 -0.007162 0.961268 0.275522 0.000000 0.333145 -0.257495 0.907034 0.000000 0.055310 -0.006427 -0.018996 1.000000
      0.944070 0.087597 -0.317896 0.000000 -0.040810 0.987696 0.150967 0.000000 0.327209 -0.129550 0.936029 0.000000 0.055498 -0.007014 -0.018223 1.000000
      0.953372 0.079090 -0.291249 0.000000 -0.074161 0.996855 0.027943 0.000000 0.292543 -0.005041 0.956239 0.000000 0.056089 -0.007454 -0.016119 1.000000
      0.970410 0.075069 -0.229498 0.000000 -0.097782 0.991199 -0.089242 0.000000 0.220779 0.109042 0.969209 0.000000 0.057050 -0.007651 -0.012169 1.000000
      0.987975 0.076185 -0.134544 0.000000 -0.103093 0.973105 -0.206006 0.000000 0.115230 0.217399 0.969257 0.000000 0.057996 -0.007570 -0.006364 1.000000
      0.996388 0.082510 -0.020081 0.000000 -0.084611 0.944525 -0.317355 0.000000 -0.007218 0.317907 0.948094 0.000000 0.058388 -0.007206 0.000533 1.000000
      0.990752 0.093296 0.098524 0.000000 -0.043992 0.907749 -0.417201 0.000000 -0.128358 0.409008 0.903458 0.000000 0.057957 -0.006595 0.007669 1.000000
      0.972738 0.107411 0.205531 0.000000 0.010443 0.865083 -0.501521 0.000000 -0.231671 0.489995 0.840377 0.000000 0.056805 -0.005786 0.014175 1.000000
    </bone>
    <bone name="Bip01 Spine1" parent="Bip01 Spine">
      0.991688 -0.119041 -0.048831 0.000000 0.107826 0.975958 -0.189422 0.000000 0.070206 0.182582 0.980681 0.000000 0.143511 -0.000200 0.000039 1.000000
      0.992359 -0.117296 -0.038282 0.000000 0.110429 0.982727 -0.148501 0.000000 0.055039 0.143139 0.988171 0.000000 0.143511 -0.000202 0.000031 1.000000
      0.992920 -0.115836 -0.026294 0.000000 0.112606 0.988391 -0.102000 0.000000 0.037804 0.098317 0.994437 0.000000 0.143511 -0.000203 0.000021 1.000000
      0.993288 -0.114879 -0.013460 0.000000 0.114034 0.992104 -0.052213 0.000000 0.019352 0.050328 0.998545 0.000000 0.143510 -0.000204 0.000011 1.000000
      0.993419 -0.114540 -0.000393 0.000000 0.114539 0.993418 -0.001525 0.000000 0.000566 0.001470 0.999999 0.000000 0.143510 -0.000204 0.000000 1.000000
      0.993310 -0.114822 0.012282 0.000000 0.114119 0.992324 0.047644 0.000000 -0.017658 -0.045923 0.998789 0.000000 0.143510 -0.000204 -0.000010 1.000000
      0.993005 -0.115614 0.023947 0.000000 0.112937 0.989250 0.092895 0.000000 -0.034429 -0.089541 0.995388 0.000000 0.143510 -0.000203 -0.000019 1.000000
      0.992584 -0.116711 0.034002 0.000000 0.111301 0.984995 0.131901 0.000000 -0.048886 -0.127138 0.990680 0.000000 0.143511 -0.000202 -0.000027 1.000000
      0.992149 -0.117841 0.041871 0.000000 0.109616 0.980613 0.162426 0.000000 -0.060200 -0.156561 0.985832 0.000000 0.143511 -0.000201 -0.000033 1.000000
      0.991817 -0.118707 0.046997 0.000000 0.108325 0.977255 0.182312 0.000000 -0.067570 -0.175729 0.982117 0.000000 0.143511 -0.000201 -0.000037 1.000000
      0.991688 -0.119041 0.048830 0.000000 0.107826 0.975957 0.189422 0.000000 -0.070205 -0.182582 0.980681 0.000000 0.143511 -0.000200 -0.000039 1.000000
      0.991817 -0.118707 0.046997 0.000000 0.108325 0.977255 0.182312 0.000000 -0.067570 -0.175729 0.982117 0.000000 0.143511 -0.000201 -0.000037 1.000000
      0.992149 -0.117841 0.041871 0.000000 0.109616 0.980613 0.162426 0.000000 -0.060200 -0.156561 0.985832 0.000000 0.143511 -0.000201 -0.000033 1.000000
      0.992584 -0.116711 0.034002 0.000000 0.111301 0.984995 0.131901 0.000000 -0.048886 -0.127138 0.990680 0.000000 0.143511 -0.000202 -0.000027 1.000000
      0.993005 -0.115614 0.023947 0.000000 0.112937 0.989250 0.092895 0.000000 -0.034429 -0.089541 0.995388 0.000000 0.143510 -0.000203 -0.000019 1.000000
      0.993310 -0.114822 0.012282 0.000000 0.114119 0.992324 0.047644 0.000000 -0.017658 -0.045923 0.998789 0.000000 0.143510 -0.000204 -0.000010 1.000000
      0.993419 -0.114540 -0.000394 0.000000 0.114539 0.993418 -0.001525 0.000000 0.000566 0.001470 0.999999 0.000000 0.143510 -0.000204 0.000000 1.000000
      0.993288 -0.114879 -0.013460 0.000000 0.114034 0.992104 -0.052213 0.000000 0.019352 0.050328 0.998545 0.000000 0.143510 -0.000204 0.000011 1.000000
      0.992920 -0.115836 -0.026294 0.000000 0.112606 0.988391 -0.102000 0.000000 0.037804 0.098317 0.994437 0.000000 0.143511 -0.000203 0.000021 1.000000
      0.992359 -0.117296 -0.038282 0.000000 0.110429 0.982727 -0.148501 0.000000 0.055039 0.143139 0.988171 0.000000 0.143511 -0.000202 0.000031 1.000000
      0.991688 -0.119041 -0.048831 0.000000 0.107826 0.975958 -0.189422 0.000000 0.070206 0.182582 0.980681 0.000000 0.143511 -0.000200 0.000039 1.000000
    </bone>
    <bone name="Bip01 Neck" parent="Bip01 Spine1">
      1.000000 -0.000000 0.000000 0.000000 -0.000000 1.000000 0.000000 0.000000 0.000000 0.000000 1.000000 0.000000 0.251859 -0.010009 0.000000 1.000000
      1.000000 0.000000 0.000000 0.000000 0.000000 1.000000 0.000000 0.000000 0.000000 0.000000 1.000000 0.000000 0.251859 -0.010009 0.000000 1.000000
      1.000000 0.000000 0.000000 0.000000 0.000000 1.000000 0.000000 0.000000 0.000000 -0.000000 1.000000 0.000000 0.251859 -0.010009 0.000000 1.000000
      1.000000 -0.000000 -0.000000 0.000000 0.000000 1.000000 -0.000000 0.000000 0.000000 0.000000 1.000000 0.000000 0.251859 -0.010009 0.000000 1.000000
      1.000000 0.000000 0.000000 0.000000 0.000000 1.000000 0.000000 0.000000 0.000000 0.000000 1.000000 0.000000 0.251859 -0.010009 0.000000 1.000000
      1.000000 0.000000 0.000000 0.000000 0.000000 1.000000 -0.000000 0.000000 -0.000000 0.000000 1.000000 0.000000 0.251859 -0.010009 0.000000 1.000000
      1.000000 0.000000 0.000000 0.000000 0.000000 1.000000 -0.000000 0.000000 0.000000 -0.000000 1.000000 0.000000 0.251859 -0.010009 0.000000 1.000000
      1.000000 0.000000 -0.000000 0.000000 0.000000 1.000000 -0.000000 0.000000 0.000000 -0.000000 1.000000 0.000000 0.251859 -0.010009 0.000000 1.000000
      1.000000 -0.000000 0.000000 0.000000 0.000000 1.000000 -0.000000 0.000000 0.000000 0.000000 1.000000 0.000000 0.251859 -0.010009 0.000000 1.000000
      1.000000 -0.000000 0.000000 0.000000 0.000000 1.000000 -0.000000 0.000000 0.000000 0.000000 1.000000 0.000000 0.251859 -0.010009 0.000000 1.000000
      1.000000 -0.000000 0.000000 0.000000 0.000000 1.000000 -0.000000 0.000000 0.000000 -0.000000 1.000000 0.000000 0.251859 -0.010009 0.000000 1.000000
      1.000000 0.000000 0.000000 0.000000 0.000000 1.000000 -0.000000 0.000000 -0.000000 0.000000 1.000000 0.000000 0.251859 -0.010009 0.000000 1.000000
      1.000000 -0.000000 0.000000 0.000000 0.000000 1.000000 -0.000000 0.000000 0.000000 0.000000 1.000000 0.000000 0.251859 -0.010009 0.000000 1.000000
      1.000000 0.000000 -0.000000 0.000000 0.000000 1.000000 -0.000000 0.000000 0.000000 -0.000000 1.000000 0.000000 0.251859 -0.010009 0.000000 1.000000
      1.000000 0.000000 0.000000 0.000000 0.000000 1.000000 0.000000 0.000000 0.000000 -0.000000 1.000000 0.000000 0.251859 -0.010009 0.000000 1.000000
      1.000000 0.000000 0.000000 0.000000 0.000000 1.000000 -0.000000 0.000000 -0.000000 0.000000 1.000000 0.000000 0.251859 -0.010009 -0.000000 1.000000
      1.000000 0.000000 0.000000 0.000000 0.000000 1.000000 0.000000 0.000000 0.000000 -0.000000 1.000000 0.000000 0.251859 -0.010009 -0.000000 1.000000
      1.000000 -0.000000 -0.000000 0.000000 0.000000 1.000000 -0.000000 0.000000 0.000000 0.000000 1.000000 0.000000 0.251859 -0.010009 -0.000000 1.000000
      1.000000 -0.000000 0.000000 0.000000 0.000000 1.000000 0.000000 0.000000 0.000000 -0.000000 1.000000 0.000000 0.251859 -0.010009 -0.000000 1.000000
      1.000000 0.000000 -0.000000 0.000000 0.000000 1.000000 0.000000 0.000000 0.000000 0.000000 1.000000 0.000000 0.251859 -0.010009 0.000000 1.000000
      1.000000 -0.000000 0.000000 0.000000 -0.000000 1.000000 0.000000 0.000000 0.000000 0.000000 1.000000 0.000000 0.251859 -0.010009 0.000000 1.000000
    </bone>
    <bone name="Bip01 Head" parent="Bip01 Neck">
      0.907667 -0.376640 -0.185154 0.000000 0.419690 0.814641 0.400274 0.000000 0.000075 -0.441023 0.897496 0.000000 0.057189 0.000000 -0.000000 1.000000
      0.910043 -0.393567 -0.130098 0.000000 0.414257 0.852504 0.318791 0.000000 -0.014557 -0.344008 0.938854 0.000000 0.057189 0.000000 0.000000 1.000000
      0.912940 -0.402636 -0.066527 0.000000 0.406952 0.886014 0.222192 0.000000 -0.030519 -0.229921 0.972731 0.000000 0.057189 0.000000 0.000000 1.000000
      0.915779 -0.401682 -0.001311 0.000000 0.399155 0.909641 0.115018 0.000000 -0.045008 -0.105854 0.993363 0.000000 0.057189 0.000000 0.000000 1.000000
      0.918086 -0.392004 0.058753 0.000000 0.392492 0.919749 0.003466 0.000000 -0.055397 0.019878 0.998266 0.000000 0.057189 0.000000 0.000000 1.000000
      0.919380 -0.378232 0.108078 0.000000 0.388903 0.915248 -0.105241 0.000000 -0.059112 0.138789 0.988556 0.000000 0.057189 0.000000 0.000000 1.000000
      0.918661 -0.367799 0.144175 0.000000 0.391275 0.897443 -0.203715 0.000000 -0.054462 0.243558 0.968356 0.000000 0.057189 -0.000000 -0.000000 1.000000
      0.916005 -0.363720 0.169239 0.000000 0.398802 0.871337 -0.285881 0.000000 -0.043484 0.329362 0.943202 0.000000 0.057189 -0.000000 0.000000 1.000000
      0.912430 -0.365140 0.184781 0.000000 0.408204 0.844081 -0.347704 0.000000 -0.029010 0.392684 0.919216 0.000000 0.057189 0.000000 0.000000 1.000000
      0.909145 -0.370321 0.190573 0.000000 0.416255 0.822983 -0.386563 0.000000 -0.013686 0.430769 0.902358 0.000000 0.057189 0.000000 -0.000000 1.000000
      0.907667 -0.376641 0.185152 0.000000 0.419690 0.814641 -0.400274 0.000000 -0.000072 0.441023 0.897496 0.000000 0.057189 0.000000 0.000000 1.000000
      0.909141 -0.383125 0.163334 0.000000 0.416255 0.822730 -0.387102 0.000000 0.013929 0.419919 0.907455 0.000000 0.057189 0.000000 -0.000000 1.000000
      0.912395 -0.389664 0.125292 0.000000 0.408203 0.843730 -0.348555 0.000000 0.030107 0.369164 0.928876 0.000000 0.057189 0.000000 0.000000 1.000000
      0.915917 -0.393804 0.077548 0.000000 0.398801 0.871104 -0.286594 0.000000 0.045310 0.293422 0.954909 0.000000 0.057189 -0.000000 0.000000 1.000000
      0.918545 -0.394406 0.026816 0.000000 0.391274 0.897382 -0.203985 0.000000 0.056389 0.197862 0.978607 0.000000 0.057189 0.000000 -0.000000 1.000000
      0.919301 -0.393009 -0.020735 0.000000 0.388903 0.915248 -0.105242 0.000000 0.060339 0.088685 0.994230 0.000000 0.057189 0.000000 0.000000 1.000000
      0.918088 -0.391564 -0.061581 0.000000 0.392492 0.919750 0.003274 0.000000 0.055357 -0.027176 0.998097 0.000000 0.057189 -0.000000 0.000000 1.000000
      0.915843 -0.389633 -0.097053 0.000000 0.399155 0.909709 0.114477 0.000000 0.043686 -0.143582 0.988674 0.000000 0.057189 0.000000 0.000000 1.000000
      0.913003 -0.387036 -0.128952 0.000000 0.406953 0.886187 0.221497 0.000000 0.028548 -0.254705 0.966597 0.000000 0.057189 0.000000 0.000000 1.000000
      0.910066 -0.383043 -0.158297 0.000000 0.414258 0.852682 0.318313 0.000000 0.013049 -0.355262 0.934676 0.000000 0.057189 0.000000 0.000000 1.000000
      0.907667 -0.376640 -0.185154 0.000000 0.419690 0.814641 0.400274 0.000000 0.000075 -0.441023 0.897496 0.000000 0.057189 0.000000 -0.000000 1.000000
    </bone>
    <bone name="Bip01 HeadNub" parent="Bip01 Head">
      1.000000 0.000000 0.000000 0.000000 0.000000 1.000000 -0.000000 0.000000 -0.000000 -0.000000 1.000000 0.000000 0.343104 0.000000 0.000000 1.000000
      1.000000 0.000000 0.000000 0.000000 0.000000 1.000000 0.000000 0.000000 0.000000 0.000000 1.000000 0.000000 0.343104 0.000000 -0.000000 1.000000
      1.000000 0.000000 0.000000 0.000000 0.000000 1.000000 0.000000 0.000000 0.000000 0.000000 1.000000 0.000000 0.343104 0.000000 0.000000 1.000000
      1.000000 0.000000 0.000000 0.000000 0.000000 1.000000 0.000000 0.000000 0.000000 -0.000000 1.000000 0.000000 0.343104 -0.000000 0.000000 1.000000
      1.000000 0.000000 0.000000 0.000000 0.000000 1.000000 -0.000000 0.000000 0.000000 -0.000000 1.000000 0.000000 0.343104 0.000000 0.000000 1.000000
      1.000000 0.000000 0.000000 0.000000 0.000000 1.000000 0.000000 0.000000 0.000000 0.000000 1.000000 0.000000 0.343104 0.000000 -0.000000 1.000000
      1.000000 -0.000000 0.000000 0.000000 -0.000000 1.000000 0.000000 0.000000 0.000000 0.000000 1.000000 0.000000 0.343104 0.000000 0.000000 1.000000
      1.000000 0.000000 0.000000 0.000000 0.000000 1.000000 -0.000000 0.000000 -0.000000 -0.000000 1.000000 0.000000 0.343104 0.000000 -0.000000 1.000000
      1.000000 0.000000 0.000000 0.000000 0.000000 1.000000 0.000000 0.000000 -0.000000 0.000000 1.000000 0.000000 0.343104 0.000000 0.000000 1.000000
      1.000000 -0.000000 0.000000 0.000000 0.000000 1.000000 0.000000 0.000000 -0.000000 0.000000 1.000000 0.000000 0.343104 0.000000 0.000000 1.000000
      1.000000 0.000000 0.000000 0.000000 0.000000 1.000000 -0.000000 0.000000 -0.000000 -0.000000 1.000000 0.000000 0.343104 0.000000 0.000000 1.000000
      1.000000 0.000000 -0.000000 0.000000 0.000000 1.000000 -0.000000 0.000000 0.000000 0.000000 1.000000 0.000000 0.343104 0.000000 0.000000 1.000000
      1.000000 0.000000 0.000000 0.000000 0.000000 1.000000 0.000000 0.000000 0.000000 0.000000 1.000000 0.000000 0.343104 0.000000 0.000000 1.000000
      1.000000 0.000000 -0.000000 0.000000 0.000000 1.000000 -0.000000 0.000000 0.000000 0.000000 1.000000 0.000000 0.343104 0.000000 0.000000 1.000000
      1.000000 0.000000 0.000000 0.000000 0.000000 1.000000 0.000000 0.000000 0.000000 0.000000 1.000000 0.000000 0.343104 0.000000 0.000000 1.000000
      1.000000 0.000000 0.000000 0.000000 0.000000 1.000000 0.000000 0.000000 -0.000000 -0.000000 1.000000 0.000000 0.343104 0.000000 -0.000000 1.000000
      1.000000 0.000000 0.000000 0.000000 0.000000 1.000000 0.000000 0.000000 0.000000 0.000000 1.000000 0.000000 0.343104 0.000000 0.000000 1.000000
      1.000000 -0.000000 -0.000000 0.000000 -0.000000 1.000000 -0.000000 0.000000 0.000000 0.000000 1.000000 0.000000 0.343104 0.000000 0.000000 1.000000
      1.000000 0.000000 0.000000 0.000000 0.000000 1.000000 0.000000 0.000000 0.000000 0.000000 1.000000 0.000000 0.343104 -0.000000 0.000000 1.000000
      1.000000 0.000000 0.000000 0.000000 0.000000 1.000000 0.000000 0.000000 0.000000 0.000000 1.000000 0.000000 0.343104 0.000000 0.000000 1.000000
      1.000000 0.000000 0.000000 0.000000 0.000000 1.000000 -0.000000 0.000000 -0.000000 -0.000000 1.000000 0.000000 0.343104 0.000000 0.000000 1.000000
    </bone>
    <bone name="Bip01 L Clavicle" parent="Bip01 Neck">
      -0.014350 -0.082673 0.996473 0.000000 -0.000794 -0.996575 -0.082693 0.000000 0.999897 -0.001978 0.014236 0.000000 -0.036019 0.002230 0.024540 1.000000
      -0.052303 -0.124434 0.990848 0.000000 -0.000790 -0.992201 -0.124646 0.000000 0.998631 -0.007302 0.051797 0.000000 -0.036019 0.002230 0.024540 1.000000
      -0.094896 -0.170715 0.980740 0.000000 -0.000785 -0.985173 -0.171563 0.000000 0.995487 -0.017050 0.093355 0.000000 -0.036019 0.002230 0.024540 1.000000
      -0.138490 -0.217158 0.966262 0.000000 -0.000777 -0.975640 -0.219377 0.000000 0.990364 -0.031132 0.134947 0.000000 -0.036019 0.002230 0.024540 1.000000
      -0.179486 -0.259711 0.948860 0.000000 -0.000768 -0.964486 -0.264133 0.000000 0.983760 -0.048137 0.172912 0.000000 -0.036019 0.002230 0.024540 1.000000
      -0.214393 -0.294885 0.931170 0.000000 -0.000759 -0.953287 -0.302064 0.000000 0.976747 -0.065467 0.204154 0.000000 -0.036019 0.002230 0.024540 1.000000
      -0.239841 -0.319814 0.916622 0.000000 -0.000752 -0.944119 -0.329605 0.000000 0.970812 -0.079742 0.226198 0.000000 -0.036019 0.002230 0.024540 1.000000
      -0.252543 -0.332008 0.908841 0.000000 -0.000748 -0.939220 -0.343314 0.000000 0.967585 -0.087381 0.236945 0.000000 -0.036019 0.002230 0.024540 1.000000
      -0.244021 -0.323847 0.914099 0.000000 -0.000750 -0.942530 -0.334120 0.000000 0.969770 -0.082219 0.229755 0.000000 -0.036019 0.002230 0.024540 1.000000
      -0.213724 -0.294221 0.931534 0.000000 -0.000759 -0.953517 -0.301339 0.000000 0.976894 -0.065111 0.203566 0.000000 -0.036019 0.002230 0.024540 1.000000
      -0.170219 -0.250202 0.953113 0.000000 -0.000770 -0.967194 -0.254035 0.000000 0.985406 -0.043976 0.164442 0.000000 -0.036019 0.002230 0.024540 1.000000
      -0.122325 -0.200065 0.972116 0.000000 -0.000780 -0.979453 -0.201673 0.000000 0.992490 -0.025428 0.119656 0.000000 -0.036019 0.002230 0.024540 1.000000
      -0.079164 -0.153709 0.984940 0.000000 -0.000787 -0.988031 -0.154255 0.000000 0.996861 -0.012986 0.078096 0.000000 -0.036019 0.002230 0.024540 1.000000
      -0.035298 -0.105772 0.993764 0.000000 -0.000792 -0.994380 -0.105865 0.000000 0.999377 -0.004524 0.035016 0.000000 -0.036019 0.002230 0.024540 1.000000
      0.015272 -0.049868 0.998639 0.000000 -0.000795 -0.998756 -0.049862 0.000000 0.999883 -0.000033 -0.015293 0.000000 -0.036019 0.002230 0.024540 1.000000
      0.064058 0.004296 0.997937 0.000000 -0.000796 -0.999990 0.004356 0.000000 0.997946 -0.001074 -0.064054 0.000000 -0.036019 0.002230 0.024540 1.000000
      0.102613 0.046985 0.993611 0.000000 -0.000795 -0.998880 0.047317 0.000000 0.994721 -0.005646 -0.102461 0.000000 -0.036019 0.002230 0.024540 1.000000
      0.122654 0.069058 0.990044 0.000000 -0.000794 -0.997569 0.069681 0.000000 0.992449 -0.009333 -0.122301 0.000000 -0.036019 0.002230 0.024540 1.000000
      0.100968 0.045169 0.993864 0.000000 -0.000795 -0.998965 0.045481 0.000000 0.994889 -0.005383 -0.100827 0.000000 -0.036019 0.002230 0.024540 1.000000
      0.043381 -0.018661 0.998884 0.000000 -0.000796 -0.999826 -0.018644 0.000000 0.999058 0.000013 -0.043388 0.000000 -0.036019 0.002230 0.024540 1.000000
      -0.014350 -0.082673 0.996473 0.000000 -0.000794 -0.996575 -0.082693 0.000000 0.999897 -0.001978 0.014236 0.000000 -0.036019 0.002230 0.024540 1.000000
    </bone>
    <bone name="Bip01 L UpperArm" parent="Bip01 L Clavicle">
      0.454891 0.115223 -0.883062 0.000000 -0.157437 0.986381 0.047604 0.000000 0.876521 0.117372 0.466836 0.000000 0.107603 0.000000 0.000000 1.000000
      0.480624 0.181687 -0.857899 0.000000 -0.110983 0.983038 0.146013 0.000000 0.869875 0.025035 0.492636 0.000000 0.107603 0.000000 0.000000 1.000000
      0.526168 0.256717 -0.810706 0.000000 -0.069816 0.963167 0.259683 0.000000 0.847510 -0.080037 0.524710 0.000000 0.107603 0.000000 0.000000 1.000000
      0.589275 0.326350 -0.739088 0.000000 -0.041360 0.925775 0.375807 0.000000 0.806874 -0.190885 0.559034 0.000000 0.107603 0.000000 0.000000 1.000000
      0.661604 0.377131 -0.648114 0.000000 -0.028101 0.876184 0.481157 0.000000 0.749327 -0.300123 0.590284 0.000000 0.107603 0.000000 0.000000 1.000000
      0.732245 0.400234 -0.551026 0.000000 -0.024587 0.824102 0.565907 0.000000 0.680597 -0.400835 0.613285 0.000000 0.107603 0.000000 0.000000 1.000000
      0.792049 0.393234 -0.466931 0.000000 -0.017928 0.779542 0.626094 0.000000 0.610194 -0.487526 0.624485 0.000000 0.107603 -0.000000 -0.000000 1.000000
      0.835277 0.358617 -0.416782 0.000000 0.008745 0.749258 0.662221 0.000000 0.549761 -0.556782 0.622701 0.000000 0.107603 0.000000 0.000000 1.000000
      0.852084 0.289426 -0.436103 0.000000 0.089687 0.740143 0.666442 0.000000 0.515664 -0.606978 0.604706 0.000000 0.107603 -0.000000 -0.000000 1.000000
      0.828474 0.192259 -0.525992 0.000000 0.224841 0.746017 0.626821 0.000000 0.512911 -0.637570 0.574828 0.000000 0.107603 -0.000000 -0.000000 1.000000
      0.758626 0.086248 -0.645793 0.000000 0.370860 0.757788 0.536862 0.000000 0.535677 -0.646776 0.542892 0.000000 0.107603 0.000000 0.000000 1.000000
      0.656587 -0.013812 -0.754124 0.000000 0.483749 0.774820 0.406991 0.000000 0.578689 -0.632031 0.515418 0.000000 0.107603 -0.000000 0.000000 1.000000
      0.556132 -0.094932 -0.825654 0.000000 0.537907 0.798422 0.270515 0.000000 0.633540 -0.594567 0.495093 0.000000 0.107603 0.000000 0.000000 1.000000
      0.458623 -0.176164 -0.870994 0.000000 0.549805 0.826279 0.122381 0.000000 0.698125 -0.535004 0.475806 0.000000 0.107603 0.000000 0.000000 1.000000
      0.361713 -0.277234 -0.890115 0.000000 0.528953 0.847240 -0.048931 0.000000 0.767706 -0.453130 0.453101 0.000000 0.107603 -0.000000 0.000000 1.000000
      0.296377 -0.374598 -0.878543 0.000000 0.471510 0.857343 -0.206495 0.000000 0.830565 -0.353042 0.430724 0.000000 0.107603 0.000000 0.000000 1.000000
      0.279119 -0.440114 -0.853459 0.000000 0.388750 0.864482 -0.318660 0.000000 0.878047 -0.242838 0.412388 0.000000 0.107603 -0.000000 -0.000000 1.000000
      0.306418 -0.447976 -0.839897 0.000000 0.291914 0.884049 -0.365027 0.000000 0.906032 -0.133327 0.401659 0.000000 0.107603 0.000000 0.000000 1.000000
      0.372963 -0.333027 -0.866021 0.000000 0.169831 0.942100 -0.289144 0.000000 0.912171 -0.039238 0.407927 0.000000 0.107603 -0.000000 -0.000000 1.000000
      0.435720 -0.107632 -0.893624 0.000000 0.009099 0.993300 -0.115201 0.000000 0.900036 0.042064 0.433780 0.000000 0.107603 0.000000 0.000000 1.000000
      0.454891 0.115223 -0.883062 0.000000 -0.157437 0.986381 0.047604 0.000000 0.876521 0.117372 0.466836 0.000000 0.107603 0.000000 0.000000 1.000000
    </bone>
    <bone name="Bip01 L Forearm" parent="Bip01 L UpperArm">
      0.252832 -0.967510 0.000000 0.000000 0.967510 0.252832 0.000000 0.000000 -0.000000 0.000000 1.000000 0.000000 0.220024 0.000000 0.000000 1.000000
      0.340486 -0.940250 0.000000 0.000000 0.940249 0.340486 -0.000000 0.000000 0.000000 0.000000 1.000000 0.000000 0.220024 0.000000 0.000000 1.000000
      0.435610 -0.900135 0.000000 0.000000 0.900135 0.435610 0.000000 0.000000 -0.000000 0.000000 1.000000 0.000000 0.220024 -0.000000 0.000000 1.000000
      0.528525 -0.848918 -0.000000 0.000000 0.848918 0.528525 -0.000000 0.000000 -0.000000 0.000000 1.000000 0.000000 0.220024 0.000000 0.000000 1.000000
      0.610967 -0.791656 -0.000000 0.000000 0.791656 0.610967 -0.000000 0.000000 0.000000 0.000000 1.000000 0.000000 0.220024 0.000000 0.000000 1.000000
      0.676781 -0.736185 -0.000000 0.000000 0.736185 0.676781 -0.000000 0.000000 -0.000000 0.000000 1.000000 0.000000 0.220024 -0.000000 -0.000000 1.000000
      0.721920 -0.691977 -0.000000 0.000000 0.691977 0.721920 0.000000 0.000000 -0.000000 0.000000 1.000000 0.000000 0.220024 -0.000000 0.000000 1.000000
      0.743483 -0.668755 -0.000000 0.000000 0.668755 0.743483 0.000000 0.000000 0.000000 0.000000 1.000000 0.000000 0.220024 0.000000 0.000000 1.000000
      0.729090 -0.684418 0.000000 0.000000 0.684418 0.729090 -0.000000 0.000000 -0.000000 0.000000 1.000000 0.000000 0.220024 -0.000000 -0.000000 1.000000
      0.675561 -0.737304 0.000000 0.000000 0.737304 0.675561 -0.000000 0.000000 0.000000 0.000000 1.000000 0.000000 0.220024 0.000000 0.000000 1.000000
      0.592792 -0.805355 -0.000000 0.000000 0.805355 0.592793 -0.000000 0.000000 0.000000 0.000000 1.000000 0.000000 0.220024 0.000000 -0.000000 1.000000
      0.494655 -0.869089 -0.000000 0.000000 0.869089 0.494655 -0.000000 0.000000 -0.000000 0.000000 1.000000 0.000000 0.220024 -0.000000 0.000000 1.000000
      0.400927 -0.916110 0.000000 0.000000 0.916110 0.400927 0.000000 0.000000 0.000000 0.000000 1.000000 0.000000 0.220024 -0.000000 0.000000 1.000000
      0.301510 -0.953463 0.000000 0.000000 0.953463 0.301510 0.000000 0.000000 0.000000 0.000000 1.000000 0.000000 0.220024 -0.000000 0.000000 1.000000
      0.182939 -0.983124 -0.000000 0.000000 0.983125 0.182939 0.000000 0.000000 0.000000 0.000000 1.000000 0.000000 0.220024 0.000000 0.000000 1.000000
      0.065856 -0.997829 0.000000 0.000000 0.997829 0.065856 0.000000 0.000000 0.000000 -0.000000 1.000000 0.000000 0.220024 0.000000 0.000000 1.000000
      -0.027653 -0.999618 -0.000000 0.000000 0.999618 -0.027653 -0.000000 0.000000 0.000000 -0.000000 1.000000 0.000000 0.220024 0.000000 -0.000000 1.000000
      -0.076352 -0.997081 0.000000 0.000000 0.997081 -0.076352 0.000000 0.000000 -0.000000 0.000000 1.000000 0.000000 0.220024 0.000000 0.000000 1.000000
      -0.023655 -0.999720 0.000000 0.000000 0.999720 -0.023655 -0.000000 0.000000 -0.000000 0.000000 1.000000 0.000000 0.220024 -0.000000 0.000000 1.000000
      0.115715 -0.993282 0.000000 0.000000 0.993283 0.115715 0.000000 0.000000 0.000000 0.000000 1.000000 0.000000 0.220024 0.000000 0.000000 1.000000
      0.252832 -0.967510 0.000000 0.000000 0.967510 0.252832 0.000000 0.000000 -0.000000 0.000000 1.000000 0.000000 0.220024 0.000000 0.000000 1.000000
    </bone>
    <bone name="Bip01 L Hand" parent="Bip01 L Forearm">
      0.956715 -0.288509 -0.038186 0.000000 -0.045002 -0.017025 -0.998842 0.000000 0.287525 0.957326 -0.029271 0.000000 0.223269 0.000000 0.000000 1.000000
